{
 "cells": [
  {
   "cell_type": "markdown",
   "id": "957e7b08",
   "metadata": {},
   "source": [
    "# Mini Project 1\n",
    "\n",
    "**2025 Introduction to Quantitative Methods in Finance**\n",
    "\n",
    "**The Erdös Institute**\n",
    "\n",
    "**Instructions** Use current stock data to create two potentially profitable investment portfolios. One that is higher risk and one that is lower risk.\n",
    "\n",
    "-- You are to interpret and explain your interpretation of a high risk profile and low risk profile of a portfolio. You should provide some measurable quantitative data in your explanation."
   ]
  },
  {
   "cell_type": "markdown",
   "id": "0e260633-595a-46a8-a9f2-778f9635e929",
   "metadata": {},
   "source": [
    "# <span style=\"color:blue;\">Introduction</span> #\n",
    "\n",
    "To construct our portfolios, we first consider stock selection, and then we will determine the weights.\n",
    "\n",
    "We interpret high risk and low risk to refer to volatility. Each of our portfolios of stocks will possess a covariance matrix Cov(X). To measure volatility, we use the inner product $w^T$ Cov(X) $w$, where $w$ represents a vector of weights corresponding to the proportions of capital allocated to each stock.\n",
    "\n",
    "We want to impose some conditions on our portfolios. We want both portfolios to have 10 stocks. This number was chosen to be greater than 1 or 2 to diversify the portfolio. The number is still small enough that we can list the tickers explicitly by hand.\n",
    "\n",
    "In selecting our stocks and weights, we base our selection on the associated risk, as measured by the inner product $w^T$ Cov(X) $w$. For the higher risk portfolio, we will choose stocks X and weights $w$ so that $w^T$ Cov(X) $w$ is large. For the lower risk portfolio, we will choose stocks X and weights $w$ so that $w^T$ Cov(X) $w$ is small."
   ]
  },
  {
   "cell_type": "code",
   "execution_count": 1,
   "id": "ceced76b",
   "metadata": {},
   "outputs": [],
   "source": [
    "# Import packages\n",
    "import numpy as np\n",
    "import yfinance as yf\n",
    "import matplotlib.pyplot as plt\n",
    "import datetime as dt\n",
    "import seaborn as sns\n",
    "import pandas as pd\n",
    "from scipy.optimize import minimize"
   ]
  },
  {
   "cell_type": "markdown",
   "id": "f260b773-7664-4894-88f3-e7911c9300d6",
   "metadata": {},
   "source": [
    "# <span style=\"color:blue;\"> High Risk Profile </span> #\n",
    "\n",
    "## Stock Selection ##\n",
    "\n",
    "We consider stocks in the technology sector. The technology sector typically shows economic growth, so we hope our portfolio will be profitable. However, investing in stocks in the same sector tends to lead to higher risk than investing in stocks in multiple different sectors.\n",
    "\n",
    "Examining the stocks in the technology sector, we first select the 20 companies with the largest market caps."
   ]
  },
  {
   "cell_type": "code",
   "execution_count": 168,
   "id": "4347f8b6-1366-4371-9de8-92e5781ac2c0",
   "metadata": {},
   "outputs": [
    {
     "name": "stderr",
     "output_type": "stream",
     "text": [
      "[*********************100%***********************]  20 of 20 completed\n"
     ]
    },
    {
     "data": {
      "text/html": [
       "<div>\n",
       "<style scoped>\n",
       "    .dataframe tbody tr th:only-of-type {\n",
       "        vertical-align: middle;\n",
       "    }\n",
       "\n",
       "    .dataframe tbody tr th {\n",
       "        vertical-align: top;\n",
       "    }\n",
       "\n",
       "    .dataframe thead tr th {\n",
       "        text-align: left;\n",
       "    }\n",
       "\n",
       "    .dataframe thead tr:last-of-type th {\n",
       "        text-align: right;\n",
       "    }\n",
       "</style>\n",
       "<table border=\"1\" class=\"dataframe\">\n",
       "  <thead>\n",
       "    <tr>\n",
       "      <th>Price</th>\n",
       "      <th colspan=\"10\" halign=\"left\">Close</th>\n",
       "      <th>...</th>\n",
       "      <th colspan=\"10\" halign=\"left\">Volume</th>\n",
       "    </tr>\n",
       "    <tr>\n",
       "      <th>Ticker</th>\n",
       "      <th>AAPL</th>\n",
       "      <th>ACN</th>\n",
       "      <th>ADBE</th>\n",
       "      <th>AMD</th>\n",
       "      <th>ASML</th>\n",
       "      <th>AVGO</th>\n",
       "      <th>CRM</th>\n",
       "      <th>CSCO</th>\n",
       "      <th>IBM</th>\n",
       "      <th>INTU</th>\n",
       "      <th>...</th>\n",
       "      <th>MSFT</th>\n",
       "      <th>NOW</th>\n",
       "      <th>NVDA</th>\n",
       "      <th>ORCL</th>\n",
       "      <th>PLTR</th>\n",
       "      <th>QCOM</th>\n",
       "      <th>SAP</th>\n",
       "      <th>TSM</th>\n",
       "      <th>TXN</th>\n",
       "      <th>UBER</th>\n",
       "    </tr>\n",
       "    <tr>\n",
       "      <th>Date</th>\n",
       "      <th></th>\n",
       "      <th></th>\n",
       "      <th></th>\n",
       "      <th></th>\n",
       "      <th></th>\n",
       "      <th></th>\n",
       "      <th></th>\n",
       "      <th></th>\n",
       "      <th></th>\n",
       "      <th></th>\n",
       "      <th></th>\n",
       "      <th></th>\n",
       "      <th></th>\n",
       "      <th></th>\n",
       "      <th></th>\n",
       "      <th></th>\n",
       "      <th></th>\n",
       "      <th></th>\n",
       "      <th></th>\n",
       "      <th></th>\n",
       "      <th></th>\n",
       "    </tr>\n",
       "  </thead>\n",
       "  <tbody>\n",
       "    <tr>\n",
       "      <th>2024-05-29</th>\n",
       "      <td>189.404205</td>\n",
       "      <td>288.637543</td>\n",
       "      <td>477.600006</td>\n",
       "      <td>165.139999</td>\n",
       "      <td>951.145386</td>\n",
       "      <td>137.387405</td>\n",
       "      <td>270.039856</td>\n",
       "      <td>44.736500</td>\n",
       "      <td>162.140350</td>\n",
       "      <td>594.423523</td>\n",
       "      <td>...</td>\n",
       "      <td>15517100</td>\n",
       "      <td>877700</td>\n",
       "      <td>557442000</td>\n",
       "      <td>4735100</td>\n",
       "      <td>24834200</td>\n",
       "      <td>12552500</td>\n",
       "      <td>747400</td>\n",
       "      <td>15780000</td>\n",
       "      <td>5607800</td>\n",
       "      <td>16987900</td>\n",
       "    </tr>\n",
       "    <tr>\n",
       "      <th>2024-05-30</th>\n",
       "      <td>190.399567</td>\n",
       "      <td>279.824249</td>\n",
       "      <td>445.869995</td>\n",
       "      <td>166.750000</td>\n",
       "      <td>959.327515</td>\n",
       "      <td>134.760544</td>\n",
       "      <td>216.741714</td>\n",
       "      <td>44.775330</td>\n",
       "      <td>160.762070</td>\n",
       "      <td>559.341125</td>\n",
       "      <td>...</td>\n",
       "      <td>28424800</td>\n",
       "      <td>5098200</td>\n",
       "      <td>487350000</td>\n",
       "      <td>10851600</td>\n",
       "      <td>47583100</td>\n",
       "      <td>12263900</td>\n",
       "      <td>1950600</td>\n",
       "      <td>9711000</td>\n",
       "      <td>5213500</td>\n",
       "      <td>12692500</td>\n",
       "    </tr>\n",
       "    <tr>\n",
       "      <th>2024-05-31</th>\n",
       "      <td>191.355103</td>\n",
       "      <td>277.358093</td>\n",
       "      <td>444.760010</td>\n",
       "      <td>166.899994</td>\n",
       "      <td>953.598083</td>\n",
       "      <td>131.250427</td>\n",
       "      <td>233.076141</td>\n",
       "      <td>45.144249</td>\n",
       "      <td>161.946213</td>\n",
       "      <td>572.724304</td>\n",
       "      <td>...</td>\n",
       "      <td>47995300</td>\n",
       "      <td>4301800</td>\n",
       "      <td>613263000</td>\n",
       "      <td>12755600</td>\n",
       "      <td>44416100</td>\n",
       "      <td>15064900</td>\n",
       "      <td>848700</td>\n",
       "      <td>13782600</td>\n",
       "      <td>9137300</td>\n",
       "      <td>17322400</td>\n",
       "    </tr>\n",
       "    <tr>\n",
       "      <th>2024-06-03</th>\n",
       "      <td>193.126801</td>\n",
       "      <td>276.837402</td>\n",
       "      <td>439.019989</td>\n",
       "      <td>163.550003</td>\n",
       "      <td>958.691956</td>\n",
       "      <td>130.593475</td>\n",
       "      <td>235.243469</td>\n",
       "      <td>45.289879</td>\n",
       "      <td>160.422348</td>\n",
       "      <td>563.563721</td>\n",
       "      <td>...</td>\n",
       "      <td>17484700</td>\n",
       "      <td>1907700</td>\n",
       "      <td>438392000</td>\n",
       "      <td>7256300</td>\n",
       "      <td>33876100</td>\n",
       "      <td>12419500</td>\n",
       "      <td>755000</td>\n",
       "      <td>12924400</td>\n",
       "      <td>4153500</td>\n",
       "      <td>14922200</td>\n",
       "    </tr>\n",
       "    <tr>\n",
       "      <th>2024-06-04</th>\n",
       "      <td>193.445328</td>\n",
       "      <td>283.027283</td>\n",
       "      <td>448.369995</td>\n",
       "      <td>159.990005</td>\n",
       "      <td>944.125122</td>\n",
       "      <td>131.474701</td>\n",
       "      <td>233.493698</td>\n",
       "      <td>46.037430</td>\n",
       "      <td>160.936768</td>\n",
       "      <td>568.372559</td>\n",
       "      <td>...</td>\n",
       "      <td>14348900</td>\n",
       "      <td>2491200</td>\n",
       "      <td>403324000</td>\n",
       "      <td>7368000</td>\n",
       "      <td>41974000</td>\n",
       "      <td>6629100</td>\n",
       "      <td>470500</td>\n",
       "      <td>10066700</td>\n",
       "      <td>7221600</td>\n",
       "      <td>12689200</td>\n",
       "    </tr>\n",
       "  </tbody>\n",
       "</table>\n",
       "<p>5 rows × 100 columns</p>\n",
       "</div>"
      ],
      "text/plain": [
       "Price            Close                                                  \\\n",
       "Ticker            AAPL         ACN        ADBE         AMD        ASML   \n",
       "Date                                                                     \n",
       "2024-05-29  189.404205  288.637543  477.600006  165.139999  951.145386   \n",
       "2024-05-30  190.399567  279.824249  445.869995  166.750000  959.327515   \n",
       "2024-05-31  191.355103  277.358093  444.760010  166.899994  953.598083   \n",
       "2024-06-03  193.126801  276.837402  439.019989  163.550003  958.691956   \n",
       "2024-06-04  193.445328  283.027283  448.369995  159.990005  944.125122   \n",
       "\n",
       "Price                                                                  ...  \\\n",
       "Ticker            AVGO         CRM       CSCO         IBM        INTU  ...   \n",
       "Date                                                                   ...   \n",
       "2024-05-29  137.387405  270.039856  44.736500  162.140350  594.423523  ...   \n",
       "2024-05-30  134.760544  216.741714  44.775330  160.762070  559.341125  ...   \n",
       "2024-05-31  131.250427  233.076141  45.144249  161.946213  572.724304  ...   \n",
       "2024-06-03  130.593475  235.243469  45.289879  160.422348  563.563721  ...   \n",
       "2024-06-04  131.474701  233.493698  46.037430  160.936768  568.372559  ...   \n",
       "\n",
       "Price         Volume                                                    \\\n",
       "Ticker          MSFT      NOW       NVDA      ORCL      PLTR      QCOM   \n",
       "Date                                                                     \n",
       "2024-05-29  15517100   877700  557442000   4735100  24834200  12552500   \n",
       "2024-05-30  28424800  5098200  487350000  10851600  47583100  12263900   \n",
       "2024-05-31  47995300  4301800  613263000  12755600  44416100  15064900   \n",
       "2024-06-03  17484700  1907700  438392000   7256300  33876100  12419500   \n",
       "2024-06-04  14348900  2491200  403324000   7368000  41974000   6629100   \n",
       "\n",
       "Price                                             \n",
       "Ticker          SAP       TSM      TXN      UBER  \n",
       "Date                                              \n",
       "2024-05-29   747400  15780000  5607800  16987900  \n",
       "2024-05-30  1950600   9711000  5213500  12692500  \n",
       "2024-05-31   848700  13782600  9137300  17322400  \n",
       "2024-06-03   755000  12924400  4153500  14922200  \n",
       "2024-06-04   470500  10066700  7221600  12689200  \n",
       "\n",
       "[5 rows x 100 columns]"
      ]
     },
     "execution_count": 168,
     "metadata": {},
     "output_type": "execute_result"
    }
   ],
   "source": [
    "# 20 stocks from the technology sector with the largest market caps (https://stockanalysis.com/stocks/sector/technology/)\n",
    "# (1) Microsoft Corporation, (2) NVIDIA Corporation, (3) Apple Inc., (4) Broadcom Inc.,\n",
    "# (5) Taiwan Semiconductor Manufacturing Company Limited, (6) Oracle Corporation, (7) SAP SE, (8) ASML Holding N.V.,\n",
    "# (9) Palantir Technologies Inc., (10) Salesforce, Inc., (11) Cisco Systems, Inc., (12) International Business Machines Corporation,\n",
    "# (13) ServiceNow, Inc., (14) Intuit Inc., (15) Accenture plc, (16) Uber Technologies, Inc.,\n",
    "# (17) Advanced Micro Devices, Inc., (18) Adobe Inc., (19) Texas Instruments Incorporated, (20) QUALCOMM Incorporated\n",
    "tickers = ['MSFT', 'NVDA', 'AAPL', 'AVGO', 'TSM', 'ORCL', 'SAP', 'ASML', 'PLTR', 'CRM', \n",
    "           'CSCO', 'IBM', 'NOW', 'INTU', 'ACN', 'UBER', 'AMD', 'ADBE', 'TXN', 'QCOM']\n",
    "\n",
    "# Set the dates to be the past year\n",
    "start_date = dt.datetime.today()-dt.timedelta(days = 365)\n",
    "end_date = dt.datetime.today()\n",
    "\n",
    "# Download the stock data\n",
    "stock = yf.download(tickers, start=start_date, end=end_date)\n",
    "\n",
    "# Show the head of the stock data\n",
    "stock.head()"
   ]
  },
  {
   "cell_type": "code",
   "execution_count": 169,
   "id": "8a56bb5e-cff8-4aca-b673-b3f9dd2f16db",
   "metadata": {},
   "outputs": [
    {
     "data": {
      "text/html": [
       "<div>\n",
       "<style scoped>\n",
       "    .dataframe tbody tr th:only-of-type {\n",
       "        vertical-align: middle;\n",
       "    }\n",
       "\n",
       "    .dataframe tbody tr th {\n",
       "        vertical-align: top;\n",
       "    }\n",
       "\n",
       "    .dataframe thead th {\n",
       "        text-align: right;\n",
       "    }\n",
       "</style>\n",
       "<table border=\"1\" class=\"dataframe\">\n",
       "  <thead>\n",
       "    <tr style=\"text-align: right;\">\n",
       "      <th>Ticker</th>\n",
       "      <th>AAPL</th>\n",
       "      <th>ACN</th>\n",
       "      <th>ADBE</th>\n",
       "      <th>AMD</th>\n",
       "      <th>ASML</th>\n",
       "      <th>AVGO</th>\n",
       "      <th>CRM</th>\n",
       "      <th>CSCO</th>\n",
       "      <th>IBM</th>\n",
       "      <th>INTU</th>\n",
       "      <th>MSFT</th>\n",
       "      <th>NOW</th>\n",
       "      <th>NVDA</th>\n",
       "      <th>ORCL</th>\n",
       "      <th>PLTR</th>\n",
       "      <th>QCOM</th>\n",
       "      <th>SAP</th>\n",
       "      <th>TSM</th>\n",
       "      <th>TXN</th>\n",
       "      <th>UBER</th>\n",
       "    </tr>\n",
       "    <tr>\n",
       "      <th>Ticker</th>\n",
       "      <th></th>\n",
       "      <th></th>\n",
       "      <th></th>\n",
       "      <th></th>\n",
       "      <th></th>\n",
       "      <th></th>\n",
       "      <th></th>\n",
       "      <th></th>\n",
       "      <th></th>\n",
       "      <th></th>\n",
       "      <th></th>\n",
       "      <th></th>\n",
       "      <th></th>\n",
       "      <th></th>\n",
       "      <th></th>\n",
       "      <th></th>\n",
       "      <th></th>\n",
       "      <th></th>\n",
       "      <th></th>\n",
       "      <th></th>\n",
       "    </tr>\n",
       "  </thead>\n",
       "  <tbody>\n",
       "    <tr>\n",
       "      <th>AAPL</th>\n",
       "      <td>0.108661</td>\n",
       "      <td>0.034998</td>\n",
       "      <td>0.047253</td>\n",
       "      <td>0.095591</td>\n",
       "      <td>0.069955</td>\n",
       "      <td>0.082230</td>\n",
       "      <td>0.047747</td>\n",
       "      <td>0.037082</td>\n",
       "      <td>0.031115</td>\n",
       "      <td>0.043813</td>\n",
       "      <td>0.049535</td>\n",
       "      <td>0.060387</td>\n",
       "      <td>0.083771</td>\n",
       "      <td>0.054453</td>\n",
       "      <td>0.085411</td>\n",
       "      <td>0.080229</td>\n",
       "      <td>0.046221</td>\n",
       "      <td>0.064897</td>\n",
       "      <td>0.070331</td>\n",
       "      <td>0.049212</td>\n",
       "    </tr>\n",
       "    <tr>\n",
       "      <th>ACN</th>\n",
       "      <td>0.034998</td>\n",
       "      <td>0.074032</td>\n",
       "      <td>0.039353</td>\n",
       "      <td>0.049765</td>\n",
       "      <td>0.032281</td>\n",
       "      <td>0.041504</td>\n",
       "      <td>0.049346</td>\n",
       "      <td>0.031872</td>\n",
       "      <td>0.040760</td>\n",
       "      <td>0.031003</td>\n",
       "      <td>0.024306</td>\n",
       "      <td>0.049648</td>\n",
       "      <td>0.039515</td>\n",
       "      <td>0.040613</td>\n",
       "      <td>0.051615</td>\n",
       "      <td>0.039509</td>\n",
       "      <td>0.029294</td>\n",
       "      <td>0.028037</td>\n",
       "      <td>0.043194</td>\n",
       "      <td>0.023477</td>\n",
       "    </tr>\n",
       "    <tr>\n",
       "      <th>ADBE</th>\n",
       "      <td>0.047253</td>\n",
       "      <td>0.039353</td>\n",
       "      <td>0.142998</td>\n",
       "      <td>0.070515</td>\n",
       "      <td>0.055005</td>\n",
       "      <td>0.073520</td>\n",
       "      <td>0.076057</td>\n",
       "      <td>0.032696</td>\n",
       "      <td>0.029119</td>\n",
       "      <td>0.048924</td>\n",
       "      <td>0.040278</td>\n",
       "      <td>0.079340</td>\n",
       "      <td>0.077726</td>\n",
       "      <td>0.060196</td>\n",
       "      <td>0.083482</td>\n",
       "      <td>0.057585</td>\n",
       "      <td>0.039152</td>\n",
       "      <td>0.055004</td>\n",
       "      <td>0.046449</td>\n",
       "      <td>0.037916</td>\n",
       "    </tr>\n",
       "    <tr>\n",
       "      <th>AMD</th>\n",
       "      <td>0.095591</td>\n",
       "      <td>0.049765</td>\n",
       "      <td>0.070515</td>\n",
       "      <td>0.274973</td>\n",
       "      <td>0.174978</td>\n",
       "      <td>0.187503</td>\n",
       "      <td>0.085068</td>\n",
       "      <td>0.057753</td>\n",
       "      <td>0.057611</td>\n",
       "      <td>0.075405</td>\n",
       "      <td>0.072532</td>\n",
       "      <td>0.098662</td>\n",
       "      <td>0.195771</td>\n",
       "      <td>0.114581</td>\n",
       "      <td>0.175647</td>\n",
       "      <td>0.160878</td>\n",
       "      <td>0.078328</td>\n",
       "      <td>0.160192</td>\n",
       "      <td>0.127198</td>\n",
       "      <td>0.106172</td>\n",
       "    </tr>\n",
       "    <tr>\n",
       "      <th>ASML</th>\n",
       "      <td>0.069955</td>\n",
       "      <td>0.032281</td>\n",
       "      <td>0.055005</td>\n",
       "      <td>0.174978</td>\n",
       "      <td>0.241182</td>\n",
       "      <td>0.186831</td>\n",
       "      <td>0.065646</td>\n",
       "      <td>0.039880</td>\n",
       "      <td>0.040583</td>\n",
       "      <td>0.066715</td>\n",
       "      <td>0.061887</td>\n",
       "      <td>0.084791</td>\n",
       "      <td>0.182428</td>\n",
       "      <td>0.096205</td>\n",
       "      <td>0.129214</td>\n",
       "      <td>0.150041</td>\n",
       "      <td>0.073146</td>\n",
       "      <td>0.163667</td>\n",
       "      <td>0.106564</td>\n",
       "      <td>0.089879</td>\n",
       "    </tr>\n",
       "    <tr>\n",
       "      <th>AVGO</th>\n",
       "      <td>0.082230</td>\n",
       "      <td>0.041504</td>\n",
       "      <td>0.073520</td>\n",
       "      <td>0.187503</td>\n",
       "      <td>0.186831</td>\n",
       "      <td>0.389492</td>\n",
       "      <td>0.078502</td>\n",
       "      <td>0.061932</td>\n",
       "      <td>0.051041</td>\n",
       "      <td>0.079123</td>\n",
       "      <td>0.082136</td>\n",
       "      <td>0.106265</td>\n",
       "      <td>0.260814</td>\n",
       "      <td>0.152785</td>\n",
       "      <td>0.204703</td>\n",
       "      <td>0.173431</td>\n",
       "      <td>0.068325</td>\n",
       "      <td>0.214209</td>\n",
       "      <td>0.105129</td>\n",
       "      <td>0.080287</td>\n",
       "    </tr>\n",
       "    <tr>\n",
       "      <th>CRM</th>\n",
       "      <td>0.047747</td>\n",
       "      <td>0.049346</td>\n",
       "      <td>0.076057</td>\n",
       "      <td>0.085068</td>\n",
       "      <td>0.065646</td>\n",
       "      <td>0.078502</td>\n",
       "      <td>0.160574</td>\n",
       "      <td>0.038224</td>\n",
       "      <td>0.028160</td>\n",
       "      <td>0.067532</td>\n",
       "      <td>0.051410</td>\n",
       "      <td>0.125678</td>\n",
       "      <td>0.097067</td>\n",
       "      <td>0.075553</td>\n",
       "      <td>0.090124</td>\n",
       "      <td>0.070228</td>\n",
       "      <td>0.062375</td>\n",
       "      <td>0.064118</td>\n",
       "      <td>0.056372</td>\n",
       "      <td>0.047092</td>\n",
       "    </tr>\n",
       "    <tr>\n",
       "      <th>CSCO</th>\n",
       "      <td>0.037082</td>\n",
       "      <td>0.031872</td>\n",
       "      <td>0.032696</td>\n",
       "      <td>0.057753</td>\n",
       "      <td>0.039880</td>\n",
       "      <td>0.061932</td>\n",
       "      <td>0.038224</td>\n",
       "      <td>0.052924</td>\n",
       "      <td>0.031910</td>\n",
       "      <td>0.031769</td>\n",
       "      <td>0.028419</td>\n",
       "      <td>0.041213</td>\n",
       "      <td>0.065075</td>\n",
       "      <td>0.051863</td>\n",
       "      <td>0.062365</td>\n",
       "      <td>0.045457</td>\n",
       "      <td>0.028528</td>\n",
       "      <td>0.045328</td>\n",
       "      <td>0.050629</td>\n",
       "      <td>0.033643</td>\n",
       "    </tr>\n",
       "    <tr>\n",
       "      <th>IBM</th>\n",
       "      <td>0.031115</td>\n",
       "      <td>0.040760</td>\n",
       "      <td>0.029119</td>\n",
       "      <td>0.057611</td>\n",
       "      <td>0.040583</td>\n",
       "      <td>0.051041</td>\n",
       "      <td>0.028160</td>\n",
       "      <td>0.031910</td>\n",
       "      <td>0.076357</td>\n",
       "      <td>0.029819</td>\n",
       "      <td>0.010958</td>\n",
       "      <td>0.015731</td>\n",
       "      <td>0.044309</td>\n",
       "      <td>0.043112</td>\n",
       "      <td>0.056897</td>\n",
       "      <td>0.039121</td>\n",
       "      <td>0.028303</td>\n",
       "      <td>0.038599</td>\n",
       "      <td>0.038665</td>\n",
       "      <td>0.024760</td>\n",
       "    </tr>\n",
       "    <tr>\n",
       "      <th>INTU</th>\n",
       "      <td>0.043813</td>\n",
       "      <td>0.031003</td>\n",
       "      <td>0.048924</td>\n",
       "      <td>0.075405</td>\n",
       "      <td>0.066715</td>\n",
       "      <td>0.079123</td>\n",
       "      <td>0.067532</td>\n",
       "      <td>0.031769</td>\n",
       "      <td>0.029819</td>\n",
       "      <td>0.112084</td>\n",
       "      <td>0.041847</td>\n",
       "      <td>0.076557</td>\n",
       "      <td>0.081119</td>\n",
       "      <td>0.066352</td>\n",
       "      <td>0.078314</td>\n",
       "      <td>0.066413</td>\n",
       "      <td>0.044209</td>\n",
       "      <td>0.056868</td>\n",
       "      <td>0.055752</td>\n",
       "      <td>0.046372</td>\n",
       "    </tr>\n",
       "    <tr>\n",
       "      <th>MSFT</th>\n",
       "      <td>0.049535</td>\n",
       "      <td>0.024306</td>\n",
       "      <td>0.040278</td>\n",
       "      <td>0.072532</td>\n",
       "      <td>0.061887</td>\n",
       "      <td>0.082136</td>\n",
       "      <td>0.051410</td>\n",
       "      <td>0.028419</td>\n",
       "      <td>0.010958</td>\n",
       "      <td>0.041847</td>\n",
       "      <td>0.066336</td>\n",
       "      <td>0.069167</td>\n",
       "      <td>0.091413</td>\n",
       "      <td>0.064615</td>\n",
       "      <td>0.080432</td>\n",
       "      <td>0.056746</td>\n",
       "      <td>0.038658</td>\n",
       "      <td>0.064929</td>\n",
       "      <td>0.046944</td>\n",
       "      <td>0.041357</td>\n",
       "    </tr>\n",
       "    <tr>\n",
       "      <th>NOW</th>\n",
       "      <td>0.060387</td>\n",
       "      <td>0.049648</td>\n",
       "      <td>0.079340</td>\n",
       "      <td>0.098662</td>\n",
       "      <td>0.084791</td>\n",
       "      <td>0.106265</td>\n",
       "      <td>0.125678</td>\n",
       "      <td>0.041213</td>\n",
       "      <td>0.015731</td>\n",
       "      <td>0.076557</td>\n",
       "      <td>0.069167</td>\n",
       "      <td>0.188604</td>\n",
       "      <td>0.123441</td>\n",
       "      <td>0.092190</td>\n",
       "      <td>0.134728</td>\n",
       "      <td>0.085862</td>\n",
       "      <td>0.070057</td>\n",
       "      <td>0.086735</td>\n",
       "      <td>0.071132</td>\n",
       "      <td>0.062286</td>\n",
       "    </tr>\n",
       "    <tr>\n",
       "      <th>NVDA</th>\n",
       "      <td>0.083771</td>\n",
       "      <td>0.039515</td>\n",
       "      <td>0.077726</td>\n",
       "      <td>0.195771</td>\n",
       "      <td>0.182428</td>\n",
       "      <td>0.260814</td>\n",
       "      <td>0.097067</td>\n",
       "      <td>0.065075</td>\n",
       "      <td>0.044309</td>\n",
       "      <td>0.081119</td>\n",
       "      <td>0.091413</td>\n",
       "      <td>0.123441</td>\n",
       "      <td>0.350209</td>\n",
       "      <td>0.163427</td>\n",
       "      <td>0.206980</td>\n",
       "      <td>0.171342</td>\n",
       "      <td>0.077291</td>\n",
       "      <td>0.217240</td>\n",
       "      <td>0.112763</td>\n",
       "      <td>0.096867</td>\n",
       "    </tr>\n",
       "    <tr>\n",
       "      <th>ORCL</th>\n",
       "      <td>0.054453</td>\n",
       "      <td>0.040613</td>\n",
       "      <td>0.060196</td>\n",
       "      <td>0.114581</td>\n",
       "      <td>0.096205</td>\n",
       "      <td>0.152785</td>\n",
       "      <td>0.075553</td>\n",
       "      <td>0.051863</td>\n",
       "      <td>0.043112</td>\n",
       "      <td>0.066352</td>\n",
       "      <td>0.064615</td>\n",
       "      <td>0.092190</td>\n",
       "      <td>0.163427</td>\n",
       "      <td>0.182722</td>\n",
       "      <td>0.136169</td>\n",
       "      <td>0.089863</td>\n",
       "      <td>0.065016</td>\n",
       "      <td>0.119147</td>\n",
       "      <td>0.075698</td>\n",
       "      <td>0.065409</td>\n",
       "    </tr>\n",
       "    <tr>\n",
       "      <th>PLTR</th>\n",
       "      <td>0.085411</td>\n",
       "      <td>0.051615</td>\n",
       "      <td>0.083482</td>\n",
       "      <td>0.175647</td>\n",
       "      <td>0.129214</td>\n",
       "      <td>0.204703</td>\n",
       "      <td>0.090124</td>\n",
       "      <td>0.062365</td>\n",
       "      <td>0.056897</td>\n",
       "      <td>0.078314</td>\n",
       "      <td>0.080432</td>\n",
       "      <td>0.134728</td>\n",
       "      <td>0.206980</td>\n",
       "      <td>0.136169</td>\n",
       "      <td>0.498096</td>\n",
       "      <td>0.131753</td>\n",
       "      <td>0.080382</td>\n",
       "      <td>0.159428</td>\n",
       "      <td>0.095636</td>\n",
       "      <td>0.131458</td>\n",
       "    </tr>\n",
       "    <tr>\n",
       "      <th>QCOM</th>\n",
       "      <td>0.080229</td>\n",
       "      <td>0.039509</td>\n",
       "      <td>0.057585</td>\n",
       "      <td>0.160878</td>\n",
       "      <td>0.150041</td>\n",
       "      <td>0.173431</td>\n",
       "      <td>0.070228</td>\n",
       "      <td>0.045457</td>\n",
       "      <td>0.039121</td>\n",
       "      <td>0.066413</td>\n",
       "      <td>0.056746</td>\n",
       "      <td>0.085862</td>\n",
       "      <td>0.171342</td>\n",
       "      <td>0.089863</td>\n",
       "      <td>0.131753</td>\n",
       "      <td>0.190931</td>\n",
       "      <td>0.063820</td>\n",
       "      <td>0.130955</td>\n",
       "      <td>0.117729</td>\n",
       "      <td>0.083523</td>\n",
       "    </tr>\n",
       "    <tr>\n",
       "      <th>SAP</th>\n",
       "      <td>0.046221</td>\n",
       "      <td>0.029294</td>\n",
       "      <td>0.039152</td>\n",
       "      <td>0.078328</td>\n",
       "      <td>0.073146</td>\n",
       "      <td>0.068325</td>\n",
       "      <td>0.062375</td>\n",
       "      <td>0.028528</td>\n",
       "      <td>0.028303</td>\n",
       "      <td>0.044209</td>\n",
       "      <td>0.038658</td>\n",
       "      <td>0.070057</td>\n",
       "      <td>0.077291</td>\n",
       "      <td>0.065016</td>\n",
       "      <td>0.080382</td>\n",
       "      <td>0.063820</td>\n",
       "      <td>0.084364</td>\n",
       "      <td>0.068931</td>\n",
       "      <td>0.047942</td>\n",
       "      <td>0.044143</td>\n",
       "    </tr>\n",
       "    <tr>\n",
       "      <th>TSM</th>\n",
       "      <td>0.064897</td>\n",
       "      <td>0.028037</td>\n",
       "      <td>0.055004</td>\n",
       "      <td>0.160192</td>\n",
       "      <td>0.163667</td>\n",
       "      <td>0.214209</td>\n",
       "      <td>0.064118</td>\n",
       "      <td>0.045328</td>\n",
       "      <td>0.038599</td>\n",
       "      <td>0.056868</td>\n",
       "      <td>0.064929</td>\n",
       "      <td>0.086735</td>\n",
       "      <td>0.217240</td>\n",
       "      <td>0.119147</td>\n",
       "      <td>0.159428</td>\n",
       "      <td>0.130955</td>\n",
       "      <td>0.068931</td>\n",
       "      <td>0.218247</td>\n",
       "      <td>0.090902</td>\n",
       "      <td>0.082337</td>\n",
       "    </tr>\n",
       "    <tr>\n",
       "      <th>TXN</th>\n",
       "      <td>0.070331</td>\n",
       "      <td>0.043194</td>\n",
       "      <td>0.046449</td>\n",
       "      <td>0.127198</td>\n",
       "      <td>0.106564</td>\n",
       "      <td>0.105129</td>\n",
       "      <td>0.056372</td>\n",
       "      <td>0.050629</td>\n",
       "      <td>0.038665</td>\n",
       "      <td>0.055752</td>\n",
       "      <td>0.046944</td>\n",
       "      <td>0.071132</td>\n",
       "      <td>0.112763</td>\n",
       "      <td>0.075698</td>\n",
       "      <td>0.095636</td>\n",
       "      <td>0.117729</td>\n",
       "      <td>0.047942</td>\n",
       "      <td>0.090902</td>\n",
       "      <td>0.151533</td>\n",
       "      <td>0.073761</td>\n",
       "    </tr>\n",
       "    <tr>\n",
       "      <th>UBER</th>\n",
       "      <td>0.049212</td>\n",
       "      <td>0.023477</td>\n",
       "      <td>0.037916</td>\n",
       "      <td>0.106172</td>\n",
       "      <td>0.089879</td>\n",
       "      <td>0.080287</td>\n",
       "      <td>0.047092</td>\n",
       "      <td>0.033643</td>\n",
       "      <td>0.024760</td>\n",
       "      <td>0.046372</td>\n",
       "      <td>0.041357</td>\n",
       "      <td>0.062286</td>\n",
       "      <td>0.096867</td>\n",
       "      <td>0.065409</td>\n",
       "      <td>0.131458</td>\n",
       "      <td>0.083523</td>\n",
       "      <td>0.044143</td>\n",
       "      <td>0.082337</td>\n",
       "      <td>0.073761</td>\n",
       "      <td>0.188770</td>\n",
       "    </tr>\n",
       "  </tbody>\n",
       "</table>\n",
       "</div>"
      ],
      "text/plain": [
       "Ticker      AAPL       ACN      ADBE       AMD      ASML      AVGO       CRM  \\\n",
       "Ticker                                                                         \n",
       "AAPL    0.108661  0.034998  0.047253  0.095591  0.069955  0.082230  0.047747   \n",
       "ACN     0.034998  0.074032  0.039353  0.049765  0.032281  0.041504  0.049346   \n",
       "ADBE    0.047253  0.039353  0.142998  0.070515  0.055005  0.073520  0.076057   \n",
       "AMD     0.095591  0.049765  0.070515  0.274973  0.174978  0.187503  0.085068   \n",
       "ASML    0.069955  0.032281  0.055005  0.174978  0.241182  0.186831  0.065646   \n",
       "AVGO    0.082230  0.041504  0.073520  0.187503  0.186831  0.389492  0.078502   \n",
       "CRM     0.047747  0.049346  0.076057  0.085068  0.065646  0.078502  0.160574   \n",
       "CSCO    0.037082  0.031872  0.032696  0.057753  0.039880  0.061932  0.038224   \n",
       "IBM     0.031115  0.040760  0.029119  0.057611  0.040583  0.051041  0.028160   \n",
       "INTU    0.043813  0.031003  0.048924  0.075405  0.066715  0.079123  0.067532   \n",
       "MSFT    0.049535  0.024306  0.040278  0.072532  0.061887  0.082136  0.051410   \n",
       "NOW     0.060387  0.049648  0.079340  0.098662  0.084791  0.106265  0.125678   \n",
       "NVDA    0.083771  0.039515  0.077726  0.195771  0.182428  0.260814  0.097067   \n",
       "ORCL    0.054453  0.040613  0.060196  0.114581  0.096205  0.152785  0.075553   \n",
       "PLTR    0.085411  0.051615  0.083482  0.175647  0.129214  0.204703  0.090124   \n",
       "QCOM    0.080229  0.039509  0.057585  0.160878  0.150041  0.173431  0.070228   \n",
       "SAP     0.046221  0.029294  0.039152  0.078328  0.073146  0.068325  0.062375   \n",
       "TSM     0.064897  0.028037  0.055004  0.160192  0.163667  0.214209  0.064118   \n",
       "TXN     0.070331  0.043194  0.046449  0.127198  0.106564  0.105129  0.056372   \n",
       "UBER    0.049212  0.023477  0.037916  0.106172  0.089879  0.080287  0.047092   \n",
       "\n",
       "Ticker      CSCO       IBM      INTU      MSFT       NOW      NVDA      ORCL  \\\n",
       "Ticker                                                                         \n",
       "AAPL    0.037082  0.031115  0.043813  0.049535  0.060387  0.083771  0.054453   \n",
       "ACN     0.031872  0.040760  0.031003  0.024306  0.049648  0.039515  0.040613   \n",
       "ADBE    0.032696  0.029119  0.048924  0.040278  0.079340  0.077726  0.060196   \n",
       "AMD     0.057753  0.057611  0.075405  0.072532  0.098662  0.195771  0.114581   \n",
       "ASML    0.039880  0.040583  0.066715  0.061887  0.084791  0.182428  0.096205   \n",
       "AVGO    0.061932  0.051041  0.079123  0.082136  0.106265  0.260814  0.152785   \n",
       "CRM     0.038224  0.028160  0.067532  0.051410  0.125678  0.097067  0.075553   \n",
       "CSCO    0.052924  0.031910  0.031769  0.028419  0.041213  0.065075  0.051863   \n",
       "IBM     0.031910  0.076357  0.029819  0.010958  0.015731  0.044309  0.043112   \n",
       "INTU    0.031769  0.029819  0.112084  0.041847  0.076557  0.081119  0.066352   \n",
       "MSFT    0.028419  0.010958  0.041847  0.066336  0.069167  0.091413  0.064615   \n",
       "NOW     0.041213  0.015731  0.076557  0.069167  0.188604  0.123441  0.092190   \n",
       "NVDA    0.065075  0.044309  0.081119  0.091413  0.123441  0.350209  0.163427   \n",
       "ORCL    0.051863  0.043112  0.066352  0.064615  0.092190  0.163427  0.182722   \n",
       "PLTR    0.062365  0.056897  0.078314  0.080432  0.134728  0.206980  0.136169   \n",
       "QCOM    0.045457  0.039121  0.066413  0.056746  0.085862  0.171342  0.089863   \n",
       "SAP     0.028528  0.028303  0.044209  0.038658  0.070057  0.077291  0.065016   \n",
       "TSM     0.045328  0.038599  0.056868  0.064929  0.086735  0.217240  0.119147   \n",
       "TXN     0.050629  0.038665  0.055752  0.046944  0.071132  0.112763  0.075698   \n",
       "UBER    0.033643  0.024760  0.046372  0.041357  0.062286  0.096867  0.065409   \n",
       "\n",
       "Ticker      PLTR      QCOM       SAP       TSM       TXN      UBER  \n",
       "Ticker                                                              \n",
       "AAPL    0.085411  0.080229  0.046221  0.064897  0.070331  0.049212  \n",
       "ACN     0.051615  0.039509  0.029294  0.028037  0.043194  0.023477  \n",
       "ADBE    0.083482  0.057585  0.039152  0.055004  0.046449  0.037916  \n",
       "AMD     0.175647  0.160878  0.078328  0.160192  0.127198  0.106172  \n",
       "ASML    0.129214  0.150041  0.073146  0.163667  0.106564  0.089879  \n",
       "AVGO    0.204703  0.173431  0.068325  0.214209  0.105129  0.080287  \n",
       "CRM     0.090124  0.070228  0.062375  0.064118  0.056372  0.047092  \n",
       "CSCO    0.062365  0.045457  0.028528  0.045328  0.050629  0.033643  \n",
       "IBM     0.056897  0.039121  0.028303  0.038599  0.038665  0.024760  \n",
       "INTU    0.078314  0.066413  0.044209  0.056868  0.055752  0.046372  \n",
       "MSFT    0.080432  0.056746  0.038658  0.064929  0.046944  0.041357  \n",
       "NOW     0.134728  0.085862  0.070057  0.086735  0.071132  0.062286  \n",
       "NVDA    0.206980  0.171342  0.077291  0.217240  0.112763  0.096867  \n",
       "ORCL    0.136169  0.089863  0.065016  0.119147  0.075698  0.065409  \n",
       "PLTR    0.498096  0.131753  0.080382  0.159428  0.095636  0.131458  \n",
       "QCOM    0.131753  0.190931  0.063820  0.130955  0.117729  0.083523  \n",
       "SAP     0.080382  0.063820  0.084364  0.068931  0.047942  0.044143  \n",
       "TSM     0.159428  0.130955  0.068931  0.218247  0.090902  0.082337  \n",
       "TXN     0.095636  0.117729  0.047942  0.090902  0.151533  0.073761  \n",
       "UBER    0.131458  0.083523  0.044143  0.082337  0.073761  0.188770  "
      ]
     },
     "execution_count": 169,
     "metadata": {},
     "output_type": "execute_result"
    }
   ],
   "source": [
    "# Calculate the daily returns\n",
    "daily_returns = np.log(stock['Close']/stock['Close'].shift(1))\n",
    "daily_returns = daily_returns.dropna()\n",
    "\n",
    "# Calculate the covariance matrix\n",
    "covariance_matrix = 252*((daily_returns).cov())\n",
    "\n",
    "# Show the covariance matrix\n",
    "covariance_matrix"
   ]
  },
  {
   "cell_type": "code",
   "execution_count": 170,
   "id": "c3ec0d01-c505-49b4-8564-8a4d5382b460",
   "metadata": {
    "scrolled": true
   },
   "outputs": [
    {
     "data": {
